       pos          info
         0 -8.519732e-08
         1  4.982175e-05
         2  9.202840e-05
         3  8.193692e-06
         4  5.664785e-04
         5 -1.365555e-05
         6 -8.046920e-06
         7 -7.682593e-05
         8 -7.925734e-05
         9 -1.184531e-04
        10  6.740180e-06
        11  3.139191e-04
        12  1.093143e-05
        13  2.994578e-04
        14  2.085697e-05
        15  2.758716e-05
        16  8.592390e-06
        17  6.562369e-04
        18 -8.208921e-05
        19 -3.382915e-05
        20  1.535852e-04
        21 -5.036415e-05
        22  1.301720e-04
        23  3.146009e-04
        24  3.840884e-06
        25  2.224242e-04
        26  9.213614e-04
        27  9.673321e-04
        28  2.019599e-03
        29  9.424422e-04
        30  7.838326e-07
        31  2.954661e-04
        32  1.607646e-04
        33  1.453849e-04
        34 -1.727664e-05
        35  3.711230e-05
        36  2.248780e-05
        37  1.096712e-04
        38 -1.467151e-05
        39 -7.366176e-04
        40 -1.511697e-05
        41 -1.070376e-04
        42  5.275101e-05
        43  4.892820e-04
        44  2.016578e-03
        45  1.024213e-03
        46  1.921404e-03
        47  6.047919e-04
        48 -7.068773e-06
        49  1.659137e-05
        50  4.049910e-04
        51  6.041943e-04
        52  4.303611e-04
        53  2.561737e-04
        54  4.701196e-03
        55  1.370397e-03
        56  1.103114e-03
        57  5.187424e-03
        58  2.577680e-03
        59  4.506130e-04
        60  7.931678e-04
        61 -3.335179e-07
        62  1.587520e-04
        63  3.533032e-04
        64  2.947208e-04
        65  1.378301e-03
        66  2.050599e-03
        67  1.140038e-03
        68 -5.225665e-05
        69  1.095171e-05
        70  5.721999e-05
        71  3.837571e-04
        72 -1.587198e-04
        73 -2.852999e-05
        74  5.388703e-05
        75 -5.562178e-06
        76  1.913882e-03
        77  1.310247e-04
        78  4.221934e-03
        79 -1.376188e-03
        80  7.381084e-05
        81  9.243358e-04
        82  6.114002e-07
        83  1.031243e-04
        84  6.852209e-04
        85  5.481022e-04
        86  3.141799e-04
        87  9.735077e-05
        88 -1.250307e-06
        89  5.470849e-05
        90  3.761909e-05
        91  1.489532e-05
        92  2.448756e-05
        93 -8.064100e-04
        94 -2.848275e-05
        95  9.435809e-05
        96 -1.425997e-04
        97 -6.865741e-05
        98  1.908505e-05
        99 -9.058084e-05
       100 -2.613499e-04
       101  4.361188e-03
       102  3.466261e-03
       103 -1.154020e-04
       104  3.388743e-04
       105 -9.068696e-06
       106  5.223679e-03
       107  1.207206e-04
       108  1.859822e-05
       109  1.733349e-06
       110  8.427945e-05
       111 -3.493874e-05
       112  3.855382e-05
       113 -3.604255e-05
       114  4.197398e-05
       115 -3.347772e-05
       116  5.699198e-05
       117 -3.877579e-05
       118  1.350995e-04
       119  8.954467e-06
       120  5.495937e-05
       121  1.572174e-04
       122  1.024081e-04
       123  1.809432e-04
       124 -2.049195e-05
       125  3.362412e-05
       126  1.578571e-06
       127 -2.312781e-04
       128  2.180825e-05
       129  1.559499e-05
       130  3.901329e-05
       131  4.749259e-05
       132  5.800967e-04
       133  1.325371e-05
       134  1.180208e-04
       135  1.352898e-04
       136 -4.440838e-06
       137  2.051739e-04
       138 -3.463257e-05
       139  5.558478e-05
       140  5.725455e-06
       141  1.178546e-04
       142 -3.399499e-04
       143  1.456053e-04
       144  1.767866e-04
       145  1.545225e-04
       146 -1.064441e-04
       147  5.437754e-06
       148  4.957970e-07
       149 -8.716298e-05
       150  1.309682e-04
       151  4.119629e-05
       152 -2.187312e-06
       153 -4.002894e-05
       154 -5.962151e-06
       155 -3.745577e-05
       156 -2.183118e-06
       157  9.383069e-07
       158 -8.893056e-05
       159 -2.304861e-05