 pos  info     
   0   0.000002
   1   0.000004
   2  -0.000070
   3  -0.000000
   4   0.000003
   5   0.000034
   6  -0.000001
   7   0.000002
   8   0.000003
   9   0.000001
  10  -0.000019
  11   0.000012
  12  -0.000011
  13   0.000003
  14  -0.000011
  15   0.000012
  16   0.000023
  17  -0.000021
  18  -0.000009
  19  -0.000007
  20   0.000002
  21   0.000010
  22   0.000000
  23   0.000057
  24  -0.000080
  25  -0.000025
  26   0.000003
  27  -0.000015
  28  -0.000057
  29  -0.000055
  30   0.000004
  31   0.000042
  32  -0.000023
  33   0.000004
  34  -0.000010
  35   0.000008
  36  -0.000003
  37  -0.000007
  38  -0.000068
  39  -0.000042
  40  -0.000000
  41  -0.000004
  42   0.000013
  43   0.000018
  44   0.000025
  45  -0.000001
  46   0.000011
  47   0.000012
  48   0.000006
  49  -0.000000
  50   0.000041
  51  -0.000033
  52   0.000000
  53  -0.000064
  54  -0.000004
  55   0.000001
  56   0.000007
  57  -0.000009
  58   0.000001
  59   0.000060
  60  -0.000010
  61   0.000006
  62   0.000020
  63  -0.000037
  64  -0.000007
  65   0.000033
  66   0.000002
  67  -0.000012
  68  -0.000016
  69   0.000002
  70   0.000006
  71  -0.000001
  72   0.000031
  73  -0.000094
  74   0.000000
  75   0.000009
  76  -0.000001
  77  -0.000006
  78   0.000012
  79  -0.000087
  80  -0.000017
  81   0.000027
  82   0.000308
  83   0.000081
  84   0.000192
  85  -0.000004
  86  -0.000050
  87  -0.000007
  88   0.000041
  89  -0.000000
  90   0.000043
  91   0.000000
  92   0.000000
  93  -0.000001
  94  -0.000007
  95  -0.000000
  96  -0.000001
  97   0.000012
  98  -0.000089
  99   0.000000
 100   0.000000
 101   0.000034
 102   0.000045
 103   0.000086
 104   0.000095
 105  -0.000259
 106   0.000132
 107   0.000080
 108   0.000207
 109   0.000061
 110   0.000093
 111  -0.000533
 112  -0.000466
 113  -0.000174
 114  -0.000447
 115  -0.000152
 116  -0.000417
 117  -0.000542
 118  -0.000499
 119  -0.000478
 120  -0.000308
 121  -0.000144
 122  -0.000219
 123  -0.000210
 124  -0.000577
 125  -0.000302
 126  -0.000289
 127  -0.000540
 128  -0.000220
 129  -0.000249
 130  -0.000737
 131  -0.000643
 132  -0.000130
 133  -0.000095
 134  -0.000065
 135  -0.000013
 136  -0.000007
 137  -0.000042
 138   0.000010
 139   0.000035
 140   0.000017
 141  -0.000005
 142  -0.000016
 143  -0.000013
 144   0.000013
 145  -0.000005
 146   0.000003
 147   0.000003
 148  -0.000019
 149   0.000001
 150   0.000002
 151   0.000004
 152   0.000005
 153  -0.000002
 154   0.000011
 155   0.000027
 156   0.000013
 157   0.000035
 158   0.000020
 159  -0.000011