       pos          info
         0  1.413607e-05
         1  1.190057e-04
         2  1.445339e-04
         3 -3.876586e-04
         4 -1.933411e-05
         5  5.003079e-08
         6  1.230241e-05
         7 -2.206544e-04
         8  1.069719e-04
         9  1.497321e-04
        10 -5.393678e-05
        11 -9.498732e-05
        12 -2.677244e-07
        13  1.517409e-04
        14  4.623057e-04
        15  5.985596e-06
        16 -6.801240e-06
        17 -6.163852e-06
        18 -7.079519e-06
        19  2.450806e-05
        20 -2.696770e-05
        21 -1.665479e-07
        22  2.375799e-04
        23 -4.795800e-05
        24 -2.598008e-06
        25  1.636836e-05
        26 -1.122582e-04
        27  5.312320e-05
        28  5.427708e-06
        29  1.063388e-04
        30 -4.215625e-05
        31  4.037316e-05
        32  2.258276e-05
        33 -4.555434e-04
        34  1.017580e-04
        35  7.307533e-05
        36  1.950783e-05
        37  3.540238e-04
        38 -1.077714e-04
        39  2.157229e-04
        40  2.946983e-04
        41 -1.518243e-04
        42  1.493671e-03
        43  2.608615e-04
        44  2.516600e-04
        45  4.634481e-04
        46  8.233318e-04
        47  3.873406e-04
        48 -2.336911e-04
        49 -2.863490e-04
        50 -2.279587e-05
        51  2.013409e-04
        52  3.068931e-04
        53  1.691422e-04
        54  4.738224e-06
        55 -1.308417e-05
        56 -4.618916e-04
        57  1.180743e-04
        58  1.453680e-04
        59  4.740677e-04
        60 -5.115309e-04
        61 -1.898681e-04
        62 -1.860067e-04
        63 -1.349539e-07
        64  1.185579e-04
        65  7.843057e-05
        66  6.031602e-04
        67  3.815379e-04
        68  2.079473e-04
        69  7.526220e-04
        70 -1.389389e-06
        71  1.303420e-03
        72 -5.339054e-06
        73  2.388166e-04
        74 -1.606621e-03
        75 -1.032909e-03
        76 -6.564106e-06
        77  3.000312e-04
        78 -1.353221e-04
        79  1.857419e-04
        80  7.607066e-05
        81 -1.247742e-05
        82  8.667816e-05
        83 -5.515286e-04
        84  7.890157e-05
        85  4.950793e-04
        86  4.310101e-04
        87  2.858464e-04
        88  1.420769e-04
        89  1.482376e-05
        90  9.407918e-05
        91  6.020338e-04
        92  9.939221e-05
        93 -5.001447e-04
        94 -2.587527e-04
        95  2.464170e-04
        96  3.245192e-04
        97  4.788897e-04
        98  1.202942e-05
        99 -5.384001e-05
       100  1.222177e-05
       101  4.195668e-05
       102  2.814338e-04
       103 -2.220106e-04
       104  2.002263e-05
       105  5.092926e-05
       106  1.607871e-03
       107  1.508787e-03
       108  9.175920e-04
       109 -7.110138e-05
       110 -1.690858e-03
       111  5.104665e-04
       112  1.044571e-03
       113 -1.235304e-04
       114 -4.481819e-07
       115 -6.353506e-05
       116  2.495757e-04
       117  1.678495e-04
       118 -2.103560e-05
       119 -8.274714e-04
       120 -1.745099e-05
       121  8.635983e-05
       122  9.343005e-05
       123  7.984047e-06
       124  1.432578e-04
       125  7.226872e-06
       126 -1.087627e-04
       127 -9.384414e-05
       128 -3.181642e-05
       129  2.256820e-05
       130  2.699097e-04
       131 -8.051774e-05
       132  2.390875e-04
       133 -7.800864e-05
       134 -5.010059e-07
       135 -6.296738e-05
       136  4.468383e-05
       137  6.641478e-05
       138 -7.540517e-07
       139  1.635021e-06
       140  4.406209e-06
       141 -4.161013e-05
       142  5.496441e-05
       143  3.512368e-04
       144 -4.439000e-07
       145  3.135593e-05
       146  6.190609e-05
       147 -3.972539e-05
       148 -2.068036e-06
       149 -1.822241e-05
       150 -1.128146e-06
       151 -2.644048e-08
       152 -5.705371e-05
       153 -6.774281e-04
       154 -3.734923e-04
       155  3.201038e-04
       156 -4.638586e-07
       157  1.212256e-05
       158 -2.410973e-05
       159  1.592469e-04