       pos          info
         0  9.884517e-05
         1  5.880323e-06
         2 -2.662121e-06
         3 -5.234234e-04
         4 -1.084444e-04
         5  1.369847e-05
         6 -1.397947e-05
         7  1.460502e-04
         8  1.819784e-04
         9  2.123865e-04
        10  9.639233e-05
        11  3.211095e-05
        12  8.095855e-06
        13  2.791874e-05
        14  4.227413e-05
        15  1.481706e-05
        16  2.991553e-05
        17 -1.200028e-04
        18 -8.418941e-06
        19 -7.171623e-06
        20 -8.230543e-05
        21 -9.472837e-05
        22  1.715879e-05
        23 -8.421332e-06
        24  6.401680e-06
        25 -6.453724e-05
        26 -9.908047e-06
        27  1.980391e-06
        28  1.359294e-07
        29  7.351185e-04
        30 -2.666480e-05
        31 -1.440669e-04
        32  2.254520e-04
        33  1.141701e-06
        34  7.862657e-06
        35 -6.875576e-07
        36  1.050596e-05
        37  3.470924e-05
        38 -7.020177e-05
        39  3.410794e-05
        40  1.526934e-04
        41 -2.811371e-05
        42  5.033995e-04
        43  4.891019e-04
        44  2.422333e-04
        45  3.341651e-05
        46  2.126812e-04
        47 -2.169929e-05
        48 -8.784544e-05
        49 -1.996153e-04
        50 -2.253852e-06
        51  5.614612e-05
        52 -3.217528e-05
        53  3.269191e-04
        54  1.584215e-05
        55  6.301398e-06
        56 -8.538338e-05
        57  1.623435e-04
        58  2.013580e-04
        59  1.686346e-03
        60 -2.991401e-06
        61 -6.147342e-04
        62 -4.148934e-05
        63  4.104067e-05
        64  1.576445e-04
        65  5.631625e-08
        66  1.393448e-03
        67  1.794493e-03
        68  1.631522e-04
        69  9.385627e-04
        70 -8.076843e-05
        71  8.251312e-04
        72  1.318121e-04
        73  4.942834e-05
        74 -1.527405e-03
        75 -6.178041e-04
        76 -4.979685e-05
        77  3.184780e-04
        78 -1.172391e-05
        79 -9.287835e-06
        80  8.249874e-04
        81  9.363824e-04
        82  1.540911e-03
        83 -2.783874e-04
        84  2.196353e-04
        85  6.846863e-04
        86  1.793827e-03
        87  6.950866e-04
        88  6.332174e-04
        89 -2.091495e-05
        90  1.150709e-04
        91  2.560071e-05
        92 -6.071844e-07
        93 -2.139034e-04
        94 -2.950965e-06
        95  9.075593e-06
        96  9.658882e-05
        97  2.953019e-04
        98  3.842283e-05
        99 -7.572461e-06
       100 -5.622313e-09
       101  2.858571e-06
       102  1.438553e-04
       103 -1.440520e-04
       104  1.714041e-05
       105  4.593068e-06
       106  5.360606e-03
       107  6.390749e-03
       108  7.319629e-04
       109 -3.308916e-06
       110 -6.992779e-04
       111  3.372779e-03
       112  8.769038e-04
       113  9.259372e-06
       114 -2.568765e-05
       115 -5.532283e-05
       116  5.688038e-05
       117  1.719823e-05
       118 -2.000376e-07
       119 -8.259052e-04
       120  2.691787e-09
       121 -5.790162e-05
       122  2.965761e-04
       123  6.550680e-06
       124  8.507822e-05
       125 -1.531469e-06
       126  9.185752e-06
       127 -1.715377e-04
       128 -1.477817e-04
       129 -3.248765e-04
       130 -8.605259e-05
       131 -4.962740e-05
       132 -3.414802e-06
       133  5.021056e-06
       134  2.198640e-05
       135  1.439263e-04
       136 -6.129236e-05
       137 -1.915614e-04
       138 -1.593075e-05
       139 -6.796642e-06
       140  1.208148e-07
       141 -6.972652e-08
       142  6.269459e-05
       143  1.490140e-04
       144 -2.530544e-05
       145 -8.985628e-05
       146  1.543831e-04
       147 -2.001796e-04
       148  2.172402e-04
       149 -8.131923e-06
       150 -1.845060e-04
       151  2.793789e-06
       152  6.466672e-05
       153 -1.036312e-04
       154 -5.141219e-04
       155  1.194415e-04
       156  2.657308e-06
       157  1.200327e-05
       158 -4.431715e-05
       159  1.630938e-04