       pos          info
         0 -5.916839e-05
         1 -5.913917e-05
         2 -2.223972e-05
         3  1.946822e-06
         4  1.139457e-04
         5  6.210503e-05
         6  2.407586e-05
         7  3.245230e-05
         8  1.371080e-04
         9  6.784845e-05
        10 -1.688947e-05
        11  1.595957e-05
        12 -1.340925e-04
        13  5.485251e-04
        14  6.673103e-04
        15  1.224071e-03
        16  9.213653e-05
        17  9.379571e-04
        18  2.485152e-03
        19  9.743187e-04
        20  2.813237e-03
        21  2.207256e-03
        22 -2.818812e-04
        23  9.133448e-04
        24 -4.104278e-05
        25  4.359240e-04
        26  1.460092e-04
        27  1.464046e-04
        28 -7.402026e-05
        29  5.248962e-04
        30  5.551446e-06
        31 -2.122385e-05
        32  7.026405e-04
        33  9.620688e-04
        34 -2.560501e-05
        35  4.234628e-04
        36  5.090525e-05
        37  2.333091e-05
        38 -2.613288e-05
        39  2.481139e-05
        40  2.673308e-04
        41  1.875646e-04
        42  8.410797e-05
        43  9.376170e-05
        44  1.907185e-04
        45 -8.530480e-08
        46 -2.193623e-05
        47  4.381998e-06
        48 -5.985161e-06
        49  2.728255e-04
        50  3.154758e-03
        51  2.375400e-03
        52  5.010500e-03
        53  2.509060e-03
        54  3.987594e-04
        55  6.004248e-04
        56  4.337730e-04
        57  6.831138e-05
        58 -1.208040e-05
        59  4.173152e-07
        60  4.768045e-04
        61  1.136101e-05
        62  7.013315e-05
        63 -3.449513e-05
        64 -1.523678e-06
        65  4.704404e-05
        66 -1.343772e-04
        67  9.411348e-04
        68  1.071017e-04
        69  5.840222e-10
        70 -5.409667e-07
        71 -2.671501e-04
        72 -6.930610e-05
        73 -4.760610e-05
        74  8.617775e-03
        75  2.657726e-04
        76 -4.739666e-05
        77  1.831686e-03
        78  5.714981e-03
        79  2.823025e-05
        80 -1.966287e-04
        81 -5.328523e-04
        82 -8.608526e-04
        83 -7.807866e-04
        84 -3.927629e-04
        85 -1.619377e-03
        86 -5.102554e-04
        87 -7.679197e-05
        88 -8.736460e-05
        89 -1.230180e-03
        90 -1.246826e-03
        91 -4.176729e-04
        92 -4.970505e-04
        93 -3.475473e-04
        94 -1.400234e-04
        95  7.609778e-05
        96  3.746518e-05
        97  7.360107e-05
        98 -2.849203e-05
        99 -2.117668e-05
       100 -1.848496e-05
       101  9.380118e-05
       102  2.515835e-04
       103 -5.065775e-06
       104  1.576670e-04
       105  1.474783e-04
       106 -1.814025e-04
       107 -5.830651e-09
       108 -1.088364e-04
       109  5.533264e-05
       110 -7.821981e-06
       111 -7.512954e-05
       112  7.424283e-05
       113  9.187729e-05
       114  1.796258e-05
       115  4.454618e-06
       116  7.086530e-05
       117  5.832977e-06
       118  4.485645e-11
       119 -1.299604e-04
       120 -2.269498e-04
       121 -2.105229e-05
       122 -9.731591e-05
       123 -8.806778e-05
       124 -8.782461e-07
       125 -7.428284e-04
       126  2.771053e-05
       127  3.488967e-04
       128  2.117009e-04
       129  2.728154e-05
       130 -3.704962e-04
       131 -1.282249e-05
       132 -1.085405e-04
       133 -7.105952e-05
       134 -5.516042e-09
       135 -4.344897e-05
       136  6.242172e-05
       137  6.525395e-05
       138  4.381791e-07
       139  4.634461e-05
       140 -3.053298e-05
       141  1.394991e-04
       142 -1.237464e-04
       143  2.138455e-06
       144  1.298089e-05
       145 -5.652370e-04
       146  1.280946e-08
       147  1.837960e-04
       148  3.018046e-04
       149 -8.071757e-05
       150 -1.197522e-04
       151 -2.875149e-06
       152 -7.828156e-07
       153 -4.720296e-07
       154  1.528036e-04
       155 -4.601117e-04
       156  7.164852e-06
       157 -1.847072e-06
       158 -2.902745e-05
       159  8.587952e-05